Contribution matrix (Davies et al., 2022, Stat Med)

Common effects model:

                     BRS:NS HES:NS  HS:NS  HS:RL HSD:plasma-lyte A HSD:RL NS:Plasma  NS:RL
BRS:HES              0.5000 0.5000 0.0000 0.0000            0.0000 0.0000    0.0000 0.0000
BRS:HS               0.4382 0.0000 0.3145 0.1237            0.0000 0.0000    0.0000 0.1237
BRS:HSD              0.2998 0.0000 0.1006 0.1006            0.0000 0.2998    0.0000 0.1991
BRS:NS               1.0000 0.0000 0.0000 0.0000            0.0000 0.0000    0.0000 0.0000
BRS:Plasma           0.5000 0.0000 0.0000 0.0000            0.0000 0.0000    0.5000 0.0000
BRS:plasma-lyte A    0.2299 0.0000 0.0805 0.0805            0.2299 0.2299    0.0000 0.1494
BRS:RL               0.4329 0.0000 0.1342 0.1342            0.0000 0.0000    0.0000 0.2987
HES:HS               0.0000 0.4382 0.3145 0.1237            0.0000 0.0000    0.0000 0.1237
HES:HSD              0.0000 0.2998 0.1006 0.1006            0.0000 0.2998    0.0000 0.1991
HES:NS               0.0000 1.0000 0.0000 0.0000            0.0000 0.0000    0.0000 0.0000
HES:Plasma           0.0000 0.5000 0.0000 0.0000            0.0000 0.0000    0.5000 0.0000
HES:plasma-lyte A    0.0000 0.2299 0.0805 0.0805            0.2299 0.2299    0.0000 0.1494
HES:RL               0.0000 0.4329 0.1342 0.1342            0.0000 0.0000    0.0000 0.2987
HS:HSD               0.0000 0.0000 0.0755 0.3868            0.0000 0.4623    0.0000 0.0755
HS:NS                0.0000 0.0000 0.6290 0.1855            0.0000 0.0000    0.0000 0.1855
HS:Plasma            0.0000 0.0000 0.3145 0.1237            0.0000 0.0000    0.4382 0.1237
HS:plasma-lyte A     0.0000 0.0000 0.0566 0.2579            0.3145 0.3145    0.0000 0.0566
HS:RL                0.0000 0.0000 0.1132 0.7736            0.0000 0.0000    0.0000 0.1132
HSD:NS               0.0000 0.0000 0.1342 0.1342            0.0000 0.4329    0.0000 0.2987
HSD:Plasma           0.0000 0.0000 0.1006 0.1006            0.0000 0.2998    0.2998 0.1991
HSD:plasma-lyte A    0.0000 0.0000 0.0000 0.0000            1.0000 0.0000    0.0000 0.0000
HSD:RL               0.0000 0.0000 0.0000 0.0000            0.0000 1.0000    0.0000 0.0000
NS:Plasma            0.0000 0.0000 0.0000 0.0000            0.0000 0.0000    1.0000 0.0000
NS:plasma-lyte A     0.0000 0.0000 0.1006 0.1006            0.2998 0.2998    0.0000 0.1991
NS:RL                0.0000 0.0000 0.2013 0.2013            0.0000 0.0000    0.0000 0.5974
Plasma:plasma-lyte A 0.0000 0.0000 0.0805 0.0805            0.2299 0.2299    0.2299 0.1494
Plasma:RL            0.0000 0.0000 0.1342 0.1342            0.0000 0.0000    0.4329 0.2987
plasma-lyte A:RL     0.0000 0.0000 0.0000 0.0000            0.5000 0.5000    0.0000 0.0000

Random effects model:

                     BRS:NS HES:NS  HS:NS  HS:RL HSD:plasma-lyte A HSD:RL NS:Plasma  NS:RL
BRS:HES              0.5000 0.5000 0.0000 0.0000            0.0000 0.0000    0.0000 0.0000
BRS:HS               0.4428 0.0000 0.3285 0.1144            0.0000 0.0000    0.0000 0.1144
BRS:HSD              0.3044 0.0000 0.0869 0.0869            0.0000 0.3044    0.0000 0.2174
BRS:NS               1.0000 0.0000 0.0000 0.0000            0.0000 0.0000    0.0000 0.0000
BRS:Plasma           0.5000 0.0000 0.0000 0.0000            0.0000 0.0000    0.5000 0.0000
BRS:plasma-lyte A    0.2326 0.0000 0.0695 0.0695            0.2326 0.2326    0.0000 0.1631
BRS:RL               0.4420 0.0000 0.1159 0.1159            0.0000 0.0000    0.0000 0.3261
HES:HS               0.0000 0.4428 0.3285 0.1144            0.0000 0.0000    0.0000 0.1144
HES:HSD              0.0000 0.3044 0.0869 0.0869            0.0000 0.3044    0.0000 0.2174
HES:NS               0.0000 1.0000 0.0000 0.0000            0.0000 0.0000    0.0000 0.0000
HES:Plasma           0.0000 0.5000 0.0000 0.0000            0.0000 0.0000    0.5000 0.0000
HES:plasma-lyte A    0.0000 0.2326 0.0695 0.0695            0.2326 0.2326    0.0000 0.1631
HES:RL               0.0000 0.4420 0.1159 0.1159            0.0000 0.0000    0.0000 0.3261
HS:HSD               0.0000 0.0000 0.1031 0.3454            0.0000 0.4485    0.0000 0.1031
HS:NS                0.0000 0.0000 0.6569 0.1715            0.0000 0.0000    0.0000 0.1715
HS:Plasma            0.0000 0.0000 0.3285 0.1144            0.0000 0.0000    0.4428 0.1144
HS:plasma-lyte A     0.0000 0.0000 0.0773 0.2303            0.3076 0.3076    0.0000 0.0773
HS:RL                0.0000 0.0000 0.1546 0.6908            0.0000 0.0000    0.0000 0.1546
HSD:NS               0.0000 0.0000 0.1159 0.1159            0.0000 0.4420    0.0000 0.3261
HSD:Plasma           0.0000 0.0000 0.0869 0.0869            0.0000 0.3044    0.3044 0.2174
HSD:plasma-lyte A    0.0000 0.0000 0.0000 0.0000            1.0000 0.0000    0.0000 0.0000
HSD:RL               0.0000 0.0000 0.0000 0.0000            0.0000 1.0000    0.0000 0.0000
NS:Plasma            0.0000 0.0000 0.0000 0.0000            0.0000 0.0000    1.0000 0.0000
NS:plasma-lyte A     0.0000 0.0000 0.0869 0.0869            0.3044 0.3044    0.0000 0.2174
NS:RL                0.0000 0.0000 0.1739 0.1739            0.0000 0.0000    0.0000 0.6523
Plasma:plasma-lyte A 0.0000 0.0000 0.0695 0.0695            0.2326 0.2326    0.2326 0.1631
Plasma:RL            0.0000 0.0000 0.1159 0.1159            0.0000 0.0000    0.4420 0.3261
plasma-lyte A:RL     0.0000 0.0000 0.0000 0.0000            0.5000 0.5000    0.0000 0.0000