Contribution matrix (Davies et al., 2022, Stat Med)

Common effects model:

               Albumin:HES Albumin:NS BRS:NS HES:NS HES:RL  HS:RL HSD:NS NS:Plasma
Albumin:BRS         0.0009     0.4987 0.4996 0.0009 0.0000 0.0000 0.0000    0.0000
Albumin:HES         0.0268     0.4866 0.0000 0.4866 0.0000 0.0000 0.0000    0.0000
Albumin:HS          0.0089     0.2433 0.0000 0.2433 0.2522 0.2522 0.0000    0.0000
Albumin:HSD         0.0009     0.4987 0.0000 0.0009 0.0000 0.0000 0.4996    0.0000
Albumin:NS          0.0013     0.9973 0.0000 0.0013 0.0000 0.0000 0.0000    0.0000
Albumin:Plasma      0.0009     0.4987 0.0000 0.0009 0.0000 0.0000 0.0000    0.4996
Albumin:RL          0.0134     0.3244 0.0000 0.3244 0.3378 0.0000 0.0000    0.0000
BRS:HES             0.0080     0.0080 0.4960 0.4879 0.0000 0.0000 0.0000    0.0000
BRS:HS              0.0048     0.0048 0.2488 0.2440 0.2488 0.2488 0.0000    0.0000
BRS:HSD             0.0000     0.0000 0.5000 0.0000 0.0000 0.0000 0.5000    0.0000
BRS:NS              0.0000     0.0000 1.0000 0.0000 0.0000 0.0000 0.0000    0.0000
BRS:Plasma          0.0000     0.0000 0.5000 0.0000 0.0000 0.0000 0.0000    0.5000
BRS:RL              0.0060     0.0060 0.3313 0.3253 0.3313 0.0000 0.0000    0.0000
HES:HS              0.0000     0.0000 0.0000 0.0000 0.5000 0.5000 0.0000    0.0000
HES:HSD             0.0080     0.0080 0.0000 0.4879 0.0000 0.0000 0.4960    0.0000
HES:NS              0.0121     0.0121 0.0000 0.9759 0.0000 0.0000 0.0000    0.0000
HES:Plasma          0.0080     0.0080 0.0000 0.4879 0.0000 0.0000 0.0000    0.4960
HES:RL              0.0000     0.0000 0.0000 0.0000 1.0000 0.0000 0.0000    0.0000
HS:HSD              0.0048     0.0048 0.0000 0.2440 0.2488 0.2488 0.2488    0.0000
HS:NS               0.0060     0.0060 0.0000 0.3253 0.3313 0.3313 0.0000    0.0000
HS:Plasma           0.0048     0.0048 0.0000 0.2440 0.2488 0.2488 0.0000    0.2488
HS:RL               0.0000     0.0000 0.0000 0.0000 0.0000 1.0000 0.0000    0.0000
HSD:NS              0.0000     0.0000 0.0000 0.0000 0.0000 0.0000 1.0000    0.0000
HSD:Plasma          0.0000     0.0000 0.0000 0.0000 0.0000 0.0000 0.5000    0.5000
HSD:RL              0.0060     0.0060 0.0000 0.3253 0.3313 0.0000 0.3313    0.0000
NS:Plasma           0.0000     0.0000 0.0000 0.0000 0.0000 0.0000 0.0000    1.0000
NS:RL               0.0080     0.0080 0.0000 0.4879 0.4960 0.0000 0.0000    0.0000
Plasma:RL           0.0060     0.0060 0.0000 0.3253 0.3313 0.0000 0.0000    0.3313

Random effects model:

               Albumin:HES Albumin:NS BRS:NS HES:NS HES:RL  HS:RL HSD:NS NS:Plasma
Albumin:BRS         0.0749     0.3877 0.4626 0.0749 0.0000 0.0000 0.0000    0.0000
Albumin:HES         0.3331     0.3334 0.0000 0.3334 0.0000 0.0000 0.0000    0.0000
Albumin:HS          0.1110     0.1667 0.0000 0.1667 0.2778 0.2778 0.0000    0.0000
Albumin:HSD         0.0749     0.3877 0.0000 0.0749 0.0000 0.0000 0.4626    0.0000
Albumin:NS          0.1123     0.7753 0.0000 0.1123 0.0000 0.0000 0.0000    0.0000
Albumin:Plasma      0.0749     0.3877 0.0000 0.0749 0.0000 0.0000 0.0000    0.4626
Albumin:RL          0.1666     0.2223 0.0000 0.2223 0.3889 0.0000 0.0000    0.0000
BRS:HES             0.0361     0.0361 0.4819 0.4458 0.0000 0.0000 0.0000    0.0000
BRS:HS              0.0217     0.0217 0.2446 0.2229 0.2446 0.2446 0.0000    0.0000
BRS:HSD             0.0000     0.0000 0.5000 0.0000 0.0000 0.0000 0.5000    0.0000
BRS:NS              0.0000     0.0000 1.0000 0.0000 0.0000 0.0000 0.0000    0.0000
BRS:Plasma          0.0000     0.0000 0.5000 0.0000 0.0000 0.0000 0.0000    0.5000
BRS:RL              0.0271     0.0271 0.3243 0.2972 0.3243 0.0000 0.0000    0.0000
HES:HS              0.0000     0.0000 0.0000 0.0000 0.5000 0.5000 0.0000    0.0000
HES:HSD             0.0361     0.0361 0.0000 0.4458 0.0000 0.0000 0.4819    0.0000
HES:NS              0.0542     0.0542 0.0000 0.8916 0.0000 0.0000 0.0000    0.0000
HES:Plasma          0.0361     0.0361 0.0000 0.4458 0.0000 0.0000 0.0000    0.4819
HES:RL              0.0000     0.0000 0.0000 0.0000 1.0000 0.0000 0.0000    0.0000
HS:HSD              0.0217     0.0217 0.0000 0.2229 0.2446 0.2446 0.2446    0.0000
HS:NS               0.0271     0.0271 0.0000 0.2972 0.3243 0.3243 0.0000    0.0000
HS:Plasma           0.0217     0.0217 0.0000 0.2229 0.2446 0.2446 0.0000    0.2446
HS:RL               0.0000     0.0000 0.0000 0.0000 0.0000 1.0000 0.0000    0.0000
HSD:NS              0.0000     0.0000 0.0000 0.0000 0.0000 0.0000 1.0000    0.0000
HSD:Plasma          0.0000     0.0000 0.0000 0.0000 0.0000 0.0000 0.5000    0.5000
HSD:RL              0.0271     0.0271 0.0000 0.2972 0.3243 0.0000 0.3243    0.0000
NS:Plasma           0.0000     0.0000 0.0000 0.0000 0.0000 0.0000 0.0000    1.0000
NS:RL               0.0361     0.0361 0.0000 0.4458 0.4819 0.0000 0.0000    0.0000
Plasma:RL           0.0271     0.0271 0.0000 0.2972 0.3243 0.0000 0.0000    0.3243