Contribution matrix (Davies et al., 2022, Stat Med)

Common effects model:

                Albumin:gelatin Albumin:HES Albumin:NS Albumin:RL gelatin:HES gelatin:RL HES:NS HES:RL  HH:HS  HS:NS  HS:RL HSD:NS NS:Plasma  NS:RL
Albumin:gelatin          0.2587      0.0367     0.2139     0.0006      0.1277     0.1235 0.0821 0.0089 0.0000 0.0160 0.0160 0.0000    0.0000 0.1159
Albumin:HES              0.0011      0.1779     0.3815     0.0004      0.0016     0.0005 0.3319 0.0495 0.0000 0.0060 0.0060 0.0000    0.0000 0.0436
Albumin:HH               0.0002      0.0056     0.2807     0.0006      0.0000     0.0003 0.0019 0.0074 0.2871 0.1496 0.1374 0.0000    0.0000 0.1291
Albumin:HS               0.0003      0.0074     0.3991     0.0008      0.0001     0.0003 0.0024 0.0098 0.0000 0.2245 0.1831 0.0000    0.0000 0.1722
Albumin:HSD              0.0001      0.0053     0.4911     0.0002      0.0000     0.0001 0.0046 0.0008 0.0000 0.0001 0.0001 0.4967    0.0000 0.0009
Albumin:NS               0.0001      0.0078     0.9822     0.0003      0.0000     0.0001 0.0069 0.0010 0.0000 0.0002 0.0002 0.0000    0.0000 0.0012
Albumin:Plasma           0.0001      0.0053     0.4911     0.0002      0.0000     0.0001 0.0046 0.0008 0.0000 0.0001 0.0001 0.0000    0.4967 0.0009
Albumin:RL               0.0005      0.0126     0.4574     0.0023      0.0001     0.0007 0.0075 0.0200 0.0000 0.0489 0.0489 0.0000    0.0000 0.4010
gelatin:HES              0.1029      0.0522     0.0508     0.0001      0.3607     0.1437 0.1358 0.0585 0.0000 0.0103 0.0103 0.0000    0.0000 0.0748
gelatin:HH               0.0607      0.0097     0.0703     0.0001      0.0825     0.1287 0.0556 0.0171 0.2718 0.0942 0.1776 0.0000    0.0000 0.0317
gelatin:HS               0.0796      0.0120     0.0915     0.0002      0.1079     0.1930 0.0730 0.0228 0.0000 0.1250 0.2555 0.0000    0.0000 0.0395
gelatin:HSD              0.0861      0.0142     0.1004     0.0001      0.1105     0.1234 0.0866 0.0097 0.0000 0.0161 0.0161 0.3200    0.0000 0.1168
gelatin:NS               0.1292      0.0189     0.1482     0.0002      0.1616     0.1826 0.1299 0.0128 0.0000 0.0214 0.0214 0.0000    0.0000 0.1738
gelatin:Plasma           0.0861      0.0142     0.1004     0.0001      0.1105     0.1234 0.0866 0.0097 0.0000 0.0161 0.0161 0.0000    0.3200 0.1168
gelatin:RL               0.0827      0.0117     0.0939     0.0005      0.1254     0.3864 0.0717 0.0421 0.0000 0.0200 0.0200 0.0000    0.0000 0.1455
HES:HH                   0.0002      0.0352     0.0353     0.0002      0.0010     0.0008 0.1921 0.0619 0.2903 0.1348 0.1555 0.0000    0.0000 0.0926
HES:HS                   0.0003      0.0457     0.0457     0.0003      0.0014     0.0011 0.2752 0.0928 0.0000 0.1988 0.2164 0.0000    0.0000 0.1222
HES:HSD                  0.0004      0.0537     0.0542     0.0000      0.0010     0.0006 0.3388 0.0503 0.0000 0.0061 0.0061 0.4439    0.0000 0.0447
HES:NS                   0.0006      0.0806     0.0812     0.0001      0.0013     0.0008 0.6776 0.0745 0.0000 0.0082 0.0082 0.0000    0.0000 0.0670
HES:Plasma               0.0004      0.0537     0.0542     0.0000      0.0010     0.0006 0.3388 0.0503 0.0000 0.0061 0.0061 0.0000    0.4439 0.0447
HES:RL                   0.0003      0.0492     0.0487     0.0007      0.0021     0.0018 0.3041 0.2013 0.0000 0.0389 0.0389 0.0000    0.0000 0.3139
HH:HS                    0.0000      0.0000     0.0000     0.0000      0.0000     0.0000 0.0000 0.0000 1.0000 0.0000 0.0000 0.0000    0.0000 0.0000
HH:HSD                   0.0001      0.0009     0.0012     0.0002      0.0001     0.0001 0.0047 0.0055 0.2857 0.1499 0.1359 0.2857    0.0000 0.1300
HH:NS                    0.0001      0.0011     0.0015     0.0003      0.0001     0.0002 0.0058 0.0069 0.4054 0.2248 0.1806 0.0000    0.0000 0.1733
HH:Plasma                0.0001      0.0009     0.0012     0.0002      0.0001     0.0001 0.0047 0.0055 0.2857 0.1499 0.1359 0.0000    0.2857 0.1300
HH:RL                    0.0000      0.0006     0.0008     0.0001      0.0000     0.0001 0.0032 0.0038 0.4481 0.0992 0.3489 0.0000    0.0000 0.0952
HS:HSD                   0.0001      0.0011     0.0015     0.0003      0.0001     0.0002 0.0058 0.0069 0.0000 0.2248 0.1806 0.4054    0.0000 0.1733
HS:NS                    0.0001      0.0014     0.0018     0.0004      0.0001     0.0002 0.0078 0.0091 0.0000 0.4496 0.2696 0.0000    0.0000 0.2600
HS:Plasma                0.0001      0.0011     0.0015     0.0003      0.0001     0.0002 0.0058 0.0069 0.0000 0.2248 0.1806 0.0000    0.4054 0.1733
HS:RL                    0.0001      0.0008     0.0010     0.0002      0.0001     0.0001 0.0043 0.0050 0.0000 0.1480 0.6978 0.0000    0.0000 0.1428
HSD:NS                   0.0000      0.0000     0.0000     0.0000      0.0000     0.0000 0.0000 0.0000 0.0000 0.0000 0.0000 1.0000    0.0000 0.0000
HSD:Plasma               0.0000      0.0000     0.0000     0.0000      0.0000     0.0000 0.0000 0.0000 0.0000 0.0000 0.0000 0.5000    0.5000 0.0000
HSD:RL                   0.0002      0.0021     0.0029     0.0006      0.0001     0.0003 0.0120 0.0140 0.0000 0.0491 0.0491 0.4668    0.0000 0.4027
NS:Plasma                0.0000      0.0000     0.0000     0.0000      0.0000     0.0000 0.0000 0.0000 0.0000 0.0000 0.0000 0.0000    1.0000 0.0000
NS:RL                    0.0002      0.0029     0.0039     0.0008      0.0002     0.0004 0.0181 0.0207 0.0000 0.0737 0.0737 0.0000    0.0000 0.8055
Plasma:RL                0.0002      0.0021     0.0029     0.0006      0.0001     0.0003 0.0120 0.0140 0.0000 0.0491 0.0491 0.0000    0.4668 0.4027

Random effects model:

                Albumin:gelatin Albumin:HES Albumin:NS Albumin:RL gelatin:HES gelatin:RL HES:NS HES:RL  HH:HS  HS:NS  HS:RL HSD:NS NS:Plasma  NS:RL
Albumin:gelatin          0.3110      0.0963     0.1333     0.0265      0.1419     0.1142 0.0727 0.0272 0.0000 0.0164 0.0164 0.0000    0.0000 0.0442
Albumin:HES              0.0179      0.3399     0.2704     0.0230      0.0154     0.0025 0.2427 0.0531 0.0000 0.0075 0.0075 0.0000    0.0000 0.0202
Albumin:HH               0.0092      0.0511     0.2195     0.0225      0.0002     0.0090 0.0004 0.0509 0.3024 0.1875 0.1149 0.0000    0.0000 0.0324
Albumin:HS               0.0123      0.0682     0.3239     0.0337      0.0002     0.0120 0.0005 0.0679 0.0000 0.2812 0.1569 0.0000    0.0000 0.0432
Albumin:HSD              0.0056      0.0555     0.3853     0.0107      0.0025     0.0031 0.0545 0.0035 0.0000 0.0048 0.0048 0.4571    0.0000 0.0126
Albumin:NS               0.0074      0.0827     0.7706     0.0156      0.0033     0.0041 0.0814 0.0046 0.0000 0.0062 0.0062 0.0000    0.0000 0.0180
Albumin:Plasma           0.0056      0.0555     0.3853     0.0107      0.0025     0.0031 0.0545 0.0035 0.0000 0.0048 0.0048 0.0000    0.4571 0.0126
Albumin:RL               0.0252      0.1182     0.2539     0.0997      0.0025     0.0278 0.0537 0.1694 0.0000 0.0496 0.0496 0.0000    0.0000 0.1506
gelatin:HES              0.1125      0.0657     0.0488     0.0020      0.3749     0.1538 0.0817 0.1189 0.0000 0.0089 0.0089 0.0000    0.0000 0.0240
gelatin:HH               0.0685      0.0006     0.0655     0.0036      0.0861     0.1268 0.0580 0.0274 0.2814 0.1242 0.1572 0.0000    0.0000 0.0006
gelatin:HS               0.0913      0.0007     0.0873     0.0048      0.1147     0.1902 0.0774 0.0366 0.0000 0.1655 0.2307 0.0000    0.0000 0.0009
gelatin:HSD              0.0959      0.0088     0.1092     0.0045      0.1156     0.1038 0.1262 0.0194 0.0000 0.0216 0.0216 0.3152    0.0000 0.0583
gelatin:NS               0.1438      0.0116     0.1614     0.0060      0.1721     0.1480 0.1862 0.0257 0.0000 0.0288 0.0288 0.0000    0.0000 0.0875
gelatin:Plasma           0.0959      0.0088     0.1092     0.0045      0.1156     0.1038 0.1262 0.0194 0.0000 0.0216 0.0216 0.0000    0.3152 0.0583
gelatin:RL               0.0890      0.0096     0.0561     0.0233      0.1556     0.4037 0.0206 0.1447 0.0000 0.0207 0.0207 0.0000    0.0000 0.0559
HES:HH                   0.0002      0.0332     0.0281     0.0054      0.0074     0.0072 0.1577 0.1159 0.3142 0.1691 0.1451 0.0000    0.0000 0.0166
HES:HS                   0.0003      0.0440     0.0372     0.0071      0.0099     0.0096 0.2342 0.1738 0.0000 0.2494 0.2125 0.0000    0.0000 0.0220
HES:HSD                  0.0037      0.0563     0.0628     0.0027      0.0050     0.0013 0.3257 0.0480 0.0000 0.0126 0.0126 0.4351    0.0000 0.0340
HES:NS                   0.0049      0.0845     0.0931     0.0036      0.0067     0.0018 0.6514 0.0696 0.0000 0.0168 0.0168 0.0000    0.0000 0.0509
HES:Plasma               0.0037      0.0563     0.0628     0.0027      0.0050     0.0013 0.3257 0.0480 0.0000 0.0126 0.0126 0.0000    0.4351 0.0340
HES:RL                   0.0041      0.0419     0.0110     0.0268      0.0196     0.0237 0.1439 0.5355 0.0000 0.0386 0.0386 0.0000    0.0000 0.1163
HH:HS                    0.0000      0.0000     0.0000     0.0000      0.0000     0.0000 0.0000 0.0000 1.0000 0.0000 0.0000 0.0000    0.0000 0.0000
HH:HSD                   0.0023      0.0056     0.0143     0.0065      0.0015     0.0038 0.0326 0.0367 0.2846 0.1946 0.0900 0.2846    0.0000 0.0431
HH:NS                    0.0027      0.0067     0.0175     0.0081      0.0018     0.0045 0.0407 0.0456 0.4075 0.2919 0.1156 0.0000    0.0000 0.0574
HH:Plasma                0.0023      0.0056     0.0143     0.0065      0.0015     0.0038 0.0326 0.0367 0.2846 0.1946 0.0900 0.0000    0.2846 0.0431
HH:RL                    0.0027      0.0066     0.0174     0.0080      0.0018     0.0045 0.0405 0.0454 0.4080 0.1150 0.2929 0.0000    0.0000 0.0571
HS:HSD                   0.0027      0.0067     0.0175     0.0081      0.0018     0.0045 0.0407 0.0456 0.0000 0.2919 0.1156 0.4075    0.0000 0.0574
HS:NS                    0.0034      0.0083     0.0225     0.0108      0.0022     0.0056 0.0542 0.0602 0.0000 0.5838 0.1628 0.0000    0.0000 0.0861
HS:Plasma                0.0027      0.0067     0.0175     0.0081      0.0018     0.0045 0.0407 0.0456 0.0000 0.2919 0.1156 0.0000    0.4075 0.0574
HS:RL                    0.0034      0.0083     0.0224     0.0107      0.0022     0.0056 0.0539 0.0599 0.0000 0.1620 0.5859 0.0000    0.0000 0.0857
HSD:NS                   0.0000      0.0000     0.0000     0.0000      0.0000     0.0000 0.0000 0.0000 0.0000 0.0000 0.0000 1.0000    0.0000 0.0000
HSD:Plasma               0.0000      0.0000     0.0000     0.0000      0.0000     0.0000 0.0000 0.0000 0.0000 0.0000 0.0000 0.5000    0.5000 0.0000
HSD:RL                   0.0068      0.0166     0.0449     0.0215      0.0045     0.0112 0.1080 0.1202 0.0000 0.0565 0.0565 0.3813    0.0000 0.1719
NS:Plasma                0.0000      0.0000     0.0000     0.0000      0.0000     0.0000 0.0000 0.0000 0.0000 0.0000 0.0000 0.0000    1.0000 0.0000
NS:RL                    0.0090      0.0221     0.0634     0.0323      0.0059     0.0149 0.1614 0.1776 0.0000 0.0848 0.0848 0.0000    0.0000 0.3437
Plasma:RL                0.0068      0.0166     0.0449     0.0215      0.0045     0.0112 0.1080 0.1202 0.0000 0.0565 0.0565 0.0000    0.3813 0.1719