Contribution matrix (Davies et al., 2022, Stat Med)

Common effects model:

                     BRS:NS BRS:RL  HH:HS  HS:NS  HS:RL HSD:NS HSD:plasma-lyte A HSD:RL NS:Plasma  NS:RL
BRS:HH               0.1819 0.1437 0.3256 0.1600 0.1656 0.0014            0.0000 0.0014    0.0000 0.0206
BRS:HS               0.2691 0.2155 0.0000 0.2399 0.2446 0.0017            0.0000 0.0017    0.0000 0.0274
BRS:HSD              0.2139 0.2192 0.0000 0.0337 0.0337 0.1136            0.0000 0.3194    0.0000 0.0665
BRS:NS               0.5887 0.1760 0.0000 0.0527 0.0527 0.0066            0.0000 0.0066    0.0000 0.1167
BRS:Plasma           0.2944 0.1223 0.0000 0.0395 0.0395 0.0049            0.0000 0.0049    0.4166 0.0778
BRS:plasma-lyte A    0.1526 0.1461 0.0000 0.0270 0.0270 0.0757            0.2987 0.2230    0.0000 0.0499
BRS:RL               0.2373 0.4455 0.0000 0.0710 0.0710 0.0089            0.0000 0.0089    0.0000 0.1574
HH:HS                0.0000 0.0000 1.0000 0.0000 0.0000 0.0000            0.0000 0.0000    0.0000 0.0000
HH:HSD               0.0015 0.0015 0.3226 0.1042 0.2184 0.0734            0.0000 0.2492    0.0000 0.0293
HH:NS                0.0049 0.0049 0.4358 0.3189 0.1168 0.0067            0.0000 0.0067    0.0000 0.1052
HH:Plasma            0.0039 0.0039 0.3008 0.2126 0.0882 0.0053            0.0000 0.0053    0.3008 0.0789
HH:plasma-lyte A     0.0012 0.0012 0.2435 0.0797 0.1638 0.0551            0.2435 0.1885    0.0000 0.0234
HH:RL                0.0036 0.0036 0.4527 0.0861 0.3666 0.0049            0.0000 0.0049    0.0000 0.0775
HS:HSD               0.0018 0.0018 0.0000 0.1511 0.3276 0.1101            0.0000 0.3685    0.0000 0.0391
HS:NS                0.0066 0.0066 0.0000 0.6379 0.1733 0.0089            0.0000 0.0089    0.0000 0.1579
HS:Plasma            0.0049 0.0049 0.0000 0.3189 0.1168 0.0067            0.0000 0.0067    0.4358 0.1052
HS:plasma-lyte A     0.0015 0.0015 0.0000 0.1042 0.2184 0.0734            0.3226 0.2492    0.0000 0.0293
HS:RL                0.0048 0.0048 0.0000 0.1277 0.7332 0.0066            0.0000 0.0066    0.0000 0.1163
HSD:NS               0.0090 0.0090 0.0000 0.0977 0.0977 0.2470            0.0000 0.3232    0.0000 0.2165
HSD:Plasma           0.0068 0.0068 0.0000 0.0733 0.0733 0.1235            0.0000 0.2243    0.3478 0.1443
HSD:plasma-lyte A    0.0000 0.0000 0.0000 0.0000 0.0000 0.0000            1.0000 0.0000    0.0000 0.0000
HSD:RL               0.0024 0.0024 0.0000 0.0260 0.0260 0.0861            0.0000 0.7994    0.0000 0.0577
NS:Plasma            0.0000 0.0000 0.0000 0.0000 0.0000 0.0000            0.0000 0.0000    1.0000 0.0000
NS:plasma-lyte A     0.0068 0.0068 0.0000 0.0733 0.0733 0.1235            0.3478 0.2243    0.0000 0.1443
NS:RL                0.0171 0.0171 0.0000 0.1855 0.1855 0.0232            0.0000 0.0232    0.0000 0.5483
Plasma:plasma-lyte A 0.0054 0.0054 0.0000 0.0586 0.0586 0.0823            0.2546 0.1723    0.2546 0.1082
Plasma:RL            0.0114 0.0114 0.0000 0.1237 0.1237 0.0154            0.0000 0.0154    0.4247 0.2741
plasma-lyte A:RL     0.0018 0.0018 0.0000 0.0195 0.0195 0.0598            0.4595 0.3997    0.0000 0.0384

Random effects model:

                     BRS:NS BRS:RL  HH:HS  HS:NS  HS:RL HSD:NS HSD:plasma-lyte A HSD:RL NS:Plasma  NS:RL
BRS:HH               0.1656 0.1616 0.3272 0.1512 0.1760 0.0038            0.0000 0.0038    0.0000 0.0106
BRS:HS               0.2457 0.2424 0.0000 0.2268 0.2613 0.0048            0.0000 0.0048    0.0000 0.0142
BRS:HSD              0.2313 0.2464 0.0000 0.0102 0.0102 0.1970            0.0000 0.2807    0.0000 0.0240
BRS:NS               0.5825 0.1736 0.0000 0.0391 0.0391 0.0311            0.0000 0.0311    0.0000 0.1034
BRS:Plasma           0.2913 0.1216 0.0000 0.0294 0.0294 0.0233            0.0000 0.0233    0.4129 0.0689
BRS:plasma-lyte A    0.1576 0.1643 0.0000 0.0082 0.0082 0.1314            0.3219 0.1905    0.0000 0.0180
BRS:RL               0.1932 0.5355 0.0000 0.0436 0.0436 0.0346            0.0000 0.0346    0.0000 0.1151
HH:HS                0.0000 0.0000 1.0000 0.0000 0.0000 0.0000            0.0000 0.0000    0.0000 0.0000
HH:HSD               0.0016 0.0016 0.3298 0.1340 0.1958 0.1250            0.0000 0.2048    0.0000 0.0074
HH:NS                0.0168 0.0168 0.4135 0.2855 0.1280 0.0281            0.0000 0.0281    0.0000 0.0831
HH:Plasma            0.0135 0.0135 0.2886 0.1903 0.0983 0.0225            0.0000 0.0225    0.2886 0.0623
HH:plasma-lyte A     0.0013 0.0013 0.2478 0.1010 0.1468 0.0937            0.2478 0.1541    0.0000 0.0059
HH:RL                0.0127 0.0127 0.4349 0.0964 0.3385 0.0211            0.0000 0.0211    0.0000 0.0626
HS:HSD               0.0020 0.0020 0.0000 0.1994 0.2937 0.1875            0.0000 0.3056    0.0000 0.0099
HS:NS                0.0224 0.0224 0.0000 0.5710 0.1846 0.0374            0.0000 0.0374    0.0000 0.1247
HS:Plasma            0.0168 0.0168 0.0000 0.2855 0.1280 0.0281            0.0000 0.0281    0.4135 0.0831
HS:plasma-lyte A     0.0016 0.0016 0.0000 0.1340 0.1958 0.1250            0.3298 0.2048    0.0000 0.0074
HS:RL                0.0169 0.0169 0.0000 0.1389 0.6771 0.0282            0.0000 0.0282    0.0000 0.0938
HSD:NS               0.0251 0.0251 0.0000 0.0528 0.0528 0.4873            0.0000 0.2174    0.0000 0.1395
HSD:Plasma           0.0188 0.0188 0.0000 0.0396 0.0396 0.2436            0.0000 0.1514    0.3951 0.0930
HSD:plasma-lyte A    0.0000 0.0000 0.0000 0.0000 0.0000 0.0000            1.0000 0.0000    0.0000 0.0000
HSD:RL               0.0142 0.0142 0.0000 0.0299 0.0299 0.1231            0.0000 0.7096    0.0000 0.0790
NS:Plasma            0.0000 0.0000 0.0000 0.0000 0.0000 0.0000            0.0000 0.0000    1.0000 0.0000
NS:plasma-lyte A     0.0188 0.0188 0.0000 0.0396 0.0396 0.2436            0.3951 0.1514    0.0000 0.0930
NS:RL                0.0590 0.0590 0.0000 0.1240 0.1240 0.0984            0.0000 0.0984    0.0000 0.4370
Plasma:plasma-lyte A 0.0151 0.0151 0.0000 0.0317 0.0317 0.1624            0.2789 0.1165    0.2789 0.0697
Plasma:RL            0.0393 0.0393 0.0000 0.0827 0.0827 0.0656            0.0000 0.0656    0.4062 0.2185
plasma-lyte A:RL     0.0107 0.0107 0.0000 0.0224 0.0224 0.0858            0.4406 0.3548    0.0000 0.0527