Contribution matrix (Davies et al., 2022, Stat Med)

Common effects model:

                     BRS:RL  HH:HS  HS:NS  HS:RL HSD:plasma-lyte A HSD:RL NS:Plasma  NS:RL
BRS:HH               0.2954 0.2954 0.1137 0.1817            0.0000 0.0000    0.0000 0.1137
BRS:HS               0.4242 0.0000 0.1517 0.2725            0.0000 0.0000    0.0000 0.1517
BRS:HSD              0.5000 0.0000 0.0000 0.0000            0.0000 0.5000    0.0000 0.0000
BRS:NS               0.4590 0.0000 0.0821 0.0821            0.0000 0.0000    0.0000 0.3769
BRS:Plasma           0.3128 0.0000 0.0616 0.0616            0.0000 0.0000    0.3128 0.2513
BRS:plasma-lyte A    0.3333 0.0000 0.0000 0.0000            0.3333 0.3333    0.0000 0.0000
BRS:RL               1.0000 0.0000 0.0000 0.0000            0.0000 0.0000    0.0000 0.0000
HH:HS                0.0000 1.0000 0.0000 0.0000            0.0000 0.0000    0.0000 0.0000
HH:HSD               0.0000 0.2954 0.1137 0.1817            0.0000 0.2954    0.0000 0.1137
HH:NS                0.0000 0.4502 0.3506 0.0996            0.0000 0.0000    0.0000 0.0996
HH:Plasma            0.0000 0.3084 0.2337 0.0747            0.0000 0.0000    0.3084 0.0747
HH:plasma-lyte A     0.0000 0.2273 0.0910 0.1363            0.2273 0.2273    0.0000 0.0910
HH:RL                0.0000 0.4242 0.1517 0.2725            0.0000 0.0000    0.0000 0.1517
HS:HSD               0.0000 0.0000 0.1517 0.2725            0.0000 0.4242    0.0000 0.1517
HS:NS                0.0000 0.0000 0.7012 0.1494            0.0000 0.0000    0.0000 0.1494
HS:Plasma            0.0000 0.0000 0.3506 0.0996            0.0000 0.0000    0.4502 0.0996
HS:plasma-lyte A     0.0000 0.0000 0.1137 0.1817            0.2954 0.2954    0.0000 0.1137
HS:RL                0.0000 0.0000 0.2275 0.5450            0.0000 0.0000    0.0000 0.2275
HSD:NS               0.0000 0.0000 0.0821 0.0821            0.0000 0.4590    0.0000 0.3769
HSD:Plasma           0.0000 0.0000 0.0616 0.0616            0.0000 0.3128    0.3128 0.2513
HSD:plasma-lyte A    0.0000 0.0000 0.0000 0.0000            1.0000 0.0000    0.0000 0.0000
HSD:RL               0.0000 0.0000 0.0000 0.0000            0.0000 1.0000    0.0000 0.0000
NS:Plasma            0.0000 0.0000 0.0000 0.0000            0.0000 0.0000    1.0000 0.0000
NS:plasma-lyte A     0.0000 0.0000 0.0616 0.0616            0.3128 0.3128    0.0000 0.2513
NS:RL                0.0000 0.0000 0.1231 0.1231            0.0000 0.0000    0.0000 0.7538
Plasma:plasma-lyte A 0.0000 0.0000 0.0492 0.0492            0.2377 0.2377    0.2377 0.1884
Plasma:RL            0.0000 0.0000 0.0821 0.0821            0.0000 0.0000    0.4590 0.3769
plasma-lyte A:RL     0.0000 0.0000 0.0000 0.0000            0.5000 0.5000    0.0000 0.0000

Random effects model:

                     BRS:RL  HH:HS  HS:NS  HS:RL HSD:plasma-lyte A HSD:RL NS:Plasma  NS:RL
BRS:HH               0.3081 0.3081 0.0757 0.2324            0.0000 0.0000    0.0000 0.0757
BRS:HS               0.4495 0.0000 0.1010 0.3485            0.0000 0.0000    0.0000 0.1010
BRS:HSD              0.5000 0.0000 0.0000 0.0000            0.0000 0.5000    0.0000 0.0000
BRS:NS               0.4359 0.0000 0.1281 0.1281            0.0000 0.0000    0.0000 0.3078
BRS:Plasma           0.3013 0.0000 0.0961 0.0961            0.0000 0.0000    0.3013 0.2052
BRS:plasma-lyte A    0.3333 0.0000 0.0000 0.0000            0.3333 0.3333    0.0000 0.0000
BRS:RL               1.0000 0.0000 0.0000 0.0000            0.0000 0.0000    0.0000 0.0000
HH:HS                0.0000 1.0000 0.0000 0.0000            0.0000 0.0000    0.0000 0.0000
HH:HSD               0.0000 0.3081 0.0757 0.2324            0.0000 0.3081    0.0000 0.0757
HH:NS                0.0000 0.4479 0.3437 0.1042            0.0000 0.0000    0.0000 0.1042
HH:Plasma            0.0000 0.3073 0.2291 0.0782            0.0000 0.0000    0.3073 0.0782
HH:plasma-lyte A     0.0000 0.2349 0.0606 0.1743            0.2349 0.2349    0.0000 0.0606
HH:RL                0.0000 0.4495 0.1010 0.3485            0.0000 0.0000    0.0000 0.1010
HS:HSD               0.0000 0.0000 0.1010 0.3485            0.0000 0.4495    0.0000 0.1010
HS:NS                0.0000 0.0000 0.6874 0.1563            0.0000 0.0000    0.0000 0.1563
HS:Plasma            0.0000 0.0000 0.3437 0.1042            0.0000 0.0000    0.4479 0.1042
HS:plasma-lyte A     0.0000 0.0000 0.0757 0.2324            0.3081 0.3081    0.0000 0.0757
HS:RL                0.0000 0.0000 0.1515 0.6971            0.0000 0.0000    0.0000 0.1515
HSD:NS               0.0000 0.0000 0.1281 0.1281            0.0000 0.4359    0.0000 0.3078
HSD:Plasma           0.0000 0.0000 0.0961 0.0961            0.0000 0.3013    0.3013 0.2052
HSD:plasma-lyte A    0.0000 0.0000 0.0000 0.0000            1.0000 0.0000    0.0000 0.0000
HSD:RL               0.0000 0.0000 0.0000 0.0000            0.0000 1.0000    0.0000 0.0000
NS:Plasma            0.0000 0.0000 0.0000 0.0000            0.0000 0.0000    1.0000 0.0000
NS:plasma-lyte A     0.0000 0.0000 0.0961 0.0961            0.3013 0.3013    0.0000 0.2052
NS:RL                0.0000 0.0000 0.1922 0.1922            0.0000 0.0000    0.0000 0.6156
Plasma:plasma-lyte A 0.0000 0.0000 0.0769 0.0769            0.2308 0.2308    0.2308 0.1539
Plasma:RL            0.0000 0.0000 0.1281 0.1281            0.0000 0.0000    0.4359 0.3078
plasma-lyte A:RL     0.0000 0.0000 0.0000 0.0000            0.5000 0.5000    0.0000 0.0000