Contribution matrix (Davies et al., 2022, Stat Med)

Common effects model:

                      Albumin:HES Albumin:NS BRS:NS BRS:RL HES:NS  HH:HS  HS:RL HSD:plasma-lyte A HSD:RL NS:Plasma
Albumin:BRS                0.0941     0.3589 0.4530 0.0000 0.0941 0.0000 0.0000            0.0000 0.0000    0.0000
Albumin:HES                0.5540     0.2230 0.0000 0.0000 0.2230 0.0000 0.0000            0.0000 0.0000    0.0000
Albumin:HH                 0.0470     0.1435 0.1906 0.1906 0.0470 0.1906 0.1906            0.0000 0.0000    0.0000
Albumin:HS                 0.0565     0.1794 0.2359 0.2359 0.0565 0.0000 0.2359            0.0000 0.0000    0.0000
Albumin:HSD                0.0565     0.1794 0.2359 0.2359 0.0565 0.0000 0.0000            0.0000 0.2359    0.0000
Albumin:NS                 0.1411     0.7177 0.0000 0.0000 0.1411 0.0000 0.0000            0.0000 0.0000    0.0000
Albumin:Plasma             0.0941     0.3589 0.0000 0.0000 0.0941 0.0000 0.0000            0.0000 0.0000    0.4530
Albumin:plasma-lyte A      0.0470     0.1435 0.1906 0.1906 0.0470 0.0000 0.0000            0.1906 0.1906    0.0000
Albumin:RL                 0.0706     0.2392 0.3098 0.3098 0.0706 0.0000 0.0000            0.0000 0.0000    0.0000
BRS:HES                    0.0906     0.0906 0.4547 0.0000 0.3642 0.0000 0.0000            0.0000 0.0000    0.0000
BRS:HH                     0.0000     0.0000 0.0000 0.3333 0.0000 0.3333 0.3333            0.0000 0.0000    0.0000
BRS:HS                     0.0000     0.0000 0.0000 0.5000 0.0000 0.0000 0.5000            0.0000 0.0000    0.0000
BRS:HSD                    0.0000     0.0000 0.0000 0.5000 0.0000 0.0000 0.0000            0.0000 0.5000    0.0000
BRS:NS                     0.0000     0.0000 1.0000 0.0000 0.0000 0.0000 0.0000            0.0000 0.0000    0.0000
BRS:Plasma                 0.0000     0.0000 0.5000 0.0000 0.0000 0.0000 0.0000            0.0000 0.0000    0.5000
BRS:plasma-lyte A          0.0000     0.0000 0.0000 0.3333 0.0000 0.0000 0.0000            0.3333 0.3333    0.0000
BRS:RL                     0.0000     0.0000 0.0000 1.0000 0.0000 0.0000 0.0000            0.0000 0.0000    0.0000
HES:HH                     0.0453     0.0453 0.1909 0.1909 0.1457 0.1909 0.1909            0.0000 0.0000    0.0000
HES:HS                     0.0543     0.0543 0.2364 0.2364 0.1821 0.0000 0.2364            0.0000 0.0000    0.0000
HES:HSD                    0.0543     0.0543 0.2364 0.2364 0.1821 0.0000 0.0000            0.0000 0.2364    0.0000
HES:NS                     0.1358     0.1358 0.0000 0.0000 0.7283 0.0000 0.0000            0.0000 0.0000    0.0000
HES:Plasma                 0.0906     0.0906 0.0000 0.0000 0.3642 0.0000 0.0000            0.0000 0.0000    0.4547
HES:plasma-lyte A          0.0453     0.0453 0.1909 0.1909 0.1457 0.0000 0.0000            0.1909 0.1909    0.0000
HES:RL                     0.0679     0.0679 0.3107 0.3107 0.2428 0.0000 0.0000            0.0000 0.0000    0.0000
HH:HS                      0.0000     0.0000 0.0000 0.0000 0.0000 1.0000 0.0000            0.0000 0.0000    0.0000
HH:HSD                     0.0000     0.0000 0.0000 0.0000 0.0000 0.3333 0.3333            0.0000 0.3333    0.0000
HH:NS                      0.0000     0.0000 0.2500 0.2500 0.0000 0.2500 0.2500            0.0000 0.0000    0.0000
HH:Plasma                  0.0000     0.0000 0.2000 0.2000 0.0000 0.2000 0.2000            0.0000 0.0000    0.2000
HH:plasma-lyte A           0.0000     0.0000 0.0000 0.0000 0.0000 0.2500 0.2500            0.2500 0.2500    0.0000
HH:RL                      0.0000     0.0000 0.0000 0.0000 0.0000 0.5000 0.5000            0.0000 0.0000    0.0000
HS:HSD                     0.0000     0.0000 0.0000 0.0000 0.0000 0.0000 0.5000            0.0000 0.5000    0.0000
HS:NS                      0.0000     0.0000 0.3333 0.3333 0.0000 0.0000 0.3333            0.0000 0.0000    0.0000
HS:Plasma                  0.0000     0.0000 0.2500 0.2500 0.0000 0.0000 0.2500            0.0000 0.0000    0.2500
HS:plasma-lyte A           0.0000     0.0000 0.0000 0.0000 0.0000 0.0000 0.3333            0.3333 0.3333    0.0000
HS:RL                      0.0000     0.0000 0.0000 0.0000 0.0000 0.0000 1.0000            0.0000 0.0000    0.0000
HSD:NS                     0.0000     0.0000 0.3333 0.3333 0.0000 0.0000 0.0000            0.0000 0.3333    0.0000
HSD:Plasma                 0.0000     0.0000 0.2500 0.2500 0.0000 0.0000 0.0000            0.0000 0.2500    0.2500
HSD:plasma-lyte A          0.0000     0.0000 0.0000 0.0000 0.0000 0.0000 0.0000            1.0000 0.0000    0.0000
HSD:RL                     0.0000     0.0000 0.0000 0.0000 0.0000 0.0000 0.0000            0.0000 1.0000    0.0000
NS:Plasma                  0.0000     0.0000 0.0000 0.0000 0.0000 0.0000 0.0000            0.0000 0.0000    1.0000
NS:plasma-lyte A           0.0000     0.0000 0.2500 0.2500 0.0000 0.0000 0.0000            0.2500 0.2500    0.0000
NS:RL                      0.0000     0.0000 0.5000 0.5000 0.0000 0.0000 0.0000            0.0000 0.0000    0.0000
Plasma:plasma-lyte A       0.0000     0.0000 0.2000 0.2000 0.0000 0.0000 0.0000            0.2000 0.2000    0.2000
Plasma:RL                  0.0000     0.0000 0.3333 0.3333 0.0000 0.0000 0.0000            0.0000 0.0000    0.3333
plasma-lyte A:RL           0.0000     0.0000 0.0000 0.0000 0.0000 0.0000 0.0000            0.5000 0.5000    0.0000

Random effects model:

                      Albumin:HES Albumin:NS BRS:NS BRS:RL HES:NS  HH:HS  HS:RL HSD:plasma-lyte A HSD:RL NS:Plasma
Albumin:BRS                0.1444     0.2833 0.4278 0.0000 0.1444 0.0000 0.0000            0.0000 0.0000    0.0000
Albumin:HES                0.5664     0.2168 0.0000 0.0000 0.2168 0.0000 0.0000            0.0000 0.0000    0.0000
Albumin:HH                 0.0722     0.1133 0.1856 0.1856 0.0722 0.1856 0.1856            0.0000 0.0000    0.0000
Albumin:HS                 0.0867     0.1417 0.2283 0.2283 0.0867 0.0000 0.2283            0.0000 0.0000    0.0000
Albumin:HSD                0.0867     0.1417 0.2283 0.2283 0.0867 0.0000 0.0000            0.0000 0.2283    0.0000
Albumin:NS                 0.2167     0.5667 0.0000 0.0000 0.2167 0.0000 0.0000            0.0000 0.0000    0.0000
Albumin:Plasma             0.1444     0.2833 0.0000 0.0000 0.1444 0.0000 0.0000            0.0000 0.0000    0.4278
Albumin:plasma-lyte A      0.0722     0.1133 0.1856 0.1856 0.0722 0.0000 0.0000            0.1856 0.1856    0.0000
Albumin:RL                 0.1083     0.1889 0.2972 0.2972 0.1083 0.0000 0.0000            0.0000 0.0000    0.0000
BRS:HES                    0.0444     0.0444 0.4778 0.0000 0.4335 0.0000 0.0000            0.0000 0.0000    0.0000
BRS:HH                     0.0000     0.0000 0.0000 0.3333 0.0000 0.3333 0.3333            0.0000 0.0000    0.0000
BRS:HS                     0.0000     0.0000 0.0000 0.5000 0.0000 0.0000 0.5000            0.0000 0.0000    0.0000
BRS:HSD                    0.0000     0.0000 0.0000 0.5000 0.0000 0.0000 0.0000            0.0000 0.5000    0.0000
BRS:NS                     0.0000     0.0000 1.0000 0.0000 0.0000 0.0000 0.0000            0.0000 0.0000    0.0000
BRS:Plasma                 0.0000     0.0000 0.5000 0.0000 0.0000 0.0000 0.0000            0.0000 0.0000    0.5000
BRS:plasma-lyte A          0.0000     0.0000 0.0000 0.3333 0.0000 0.0000 0.0000            0.3333 0.3333    0.0000
BRS:RL                     0.0000     0.0000 0.0000 1.0000 0.0000 0.0000 0.0000            0.0000 0.0000    0.0000
HES:HH                     0.0222     0.0222 0.1956 0.1956 0.1734 0.1956 0.1956            0.0000 0.0000    0.0000
HES:HS                     0.0266     0.0266 0.2433 0.2433 0.2167 0.0000 0.2433            0.0000 0.0000    0.0000
HES:HSD                    0.0266     0.0266 0.2433 0.2433 0.2167 0.0000 0.0000            0.0000 0.2433    0.0000
HES:NS                     0.0665     0.0665 0.0000 0.0000 0.8669 0.0000 0.0000            0.0000 0.0000    0.0000
HES:Plasma                 0.0444     0.0444 0.0000 0.0000 0.4335 0.0000 0.0000            0.0000 0.0000    0.4778
HES:plasma-lyte A          0.0222     0.0222 0.1956 0.1956 0.1734 0.0000 0.0000            0.1956 0.1956    0.0000
HES:RL                     0.0333     0.0333 0.3222 0.3222 0.2890 0.0000 0.0000            0.0000 0.0000    0.0000
HH:HS                      0.0000     0.0000 0.0000 0.0000 0.0000 1.0000 0.0000            0.0000 0.0000    0.0000
HH:HSD                     0.0000     0.0000 0.0000 0.0000 0.0000 0.3333 0.3333            0.0000 0.3333    0.0000
HH:NS                      0.0000     0.0000 0.2500 0.2500 0.0000 0.2500 0.2500            0.0000 0.0000    0.0000
HH:Plasma                  0.0000     0.0000 0.2000 0.2000 0.0000 0.2000 0.2000            0.0000 0.0000    0.2000
HH:plasma-lyte A           0.0000     0.0000 0.0000 0.0000 0.0000 0.2500 0.2500            0.2500 0.2500    0.0000
HH:RL                      0.0000     0.0000 0.0000 0.0000 0.0000 0.5000 0.5000            0.0000 0.0000    0.0000
HS:HSD                     0.0000     0.0000 0.0000 0.0000 0.0000 0.0000 0.5000            0.0000 0.5000    0.0000
HS:NS                      0.0000     0.0000 0.3333 0.3333 0.0000 0.0000 0.3333            0.0000 0.0000    0.0000
HS:Plasma                  0.0000     0.0000 0.2500 0.2500 0.0000 0.0000 0.2500            0.0000 0.0000    0.2500
HS:plasma-lyte A           0.0000     0.0000 0.0000 0.0000 0.0000 0.0000 0.3333            0.3333 0.3333    0.0000
HS:RL                      0.0000     0.0000 0.0000 0.0000 0.0000 0.0000 1.0000            0.0000 0.0000    0.0000
HSD:NS                     0.0000     0.0000 0.3333 0.3333 0.0000 0.0000 0.0000            0.0000 0.3333    0.0000
HSD:Plasma                 0.0000     0.0000 0.2500 0.2500 0.0000 0.0000 0.0000            0.0000 0.2500    0.2500
HSD:plasma-lyte A          0.0000     0.0000 0.0000 0.0000 0.0000 0.0000 0.0000            1.0000 0.0000    0.0000
HSD:RL                     0.0000     0.0000 0.0000 0.0000 0.0000 0.0000 0.0000            0.0000 1.0000    0.0000
NS:Plasma                  0.0000     0.0000 0.0000 0.0000 0.0000 0.0000 0.0000            0.0000 0.0000    1.0000
NS:plasma-lyte A           0.0000     0.0000 0.2500 0.2500 0.0000 0.0000 0.0000            0.2500 0.2500    0.0000
NS:RL                      0.0000     0.0000 0.5000 0.5000 0.0000 0.0000 0.0000            0.0000 0.0000    0.0000
Plasma:plasma-lyte A       0.0000     0.0000 0.2000 0.2000 0.0000 0.0000 0.0000            0.2000 0.2000    0.2000
Plasma:RL                  0.0000     0.0000 0.3333 0.3333 0.0000 0.0000 0.0000            0.0000 0.0000    0.3333
plasma-lyte A:RL           0.0000     0.0000 0.0000 0.0000 0.0000 0.0000 0.0000            0.5000 0.5000    0.0000